SOLVED:
20.05 - 226,482
21.05 - 
22.05 - 3
23.05 - 
24.05 - 11,15,48,43
25.05 - 55
26.05 - 66
27.05 - 76,42
28.05 - 159
29.05 - 163,20,681
30.05 - 
31.05 - 809
01.06 - 833
02.06 - 849
03.06 - 23
04.06 - 253
05.06 - 
06.06 - 
07.06 - 1049,215
08.06 - 62
09.06 - 547
10.06 - 621
11.06 - 207
12.06 - 210
13.06 - 494,297
14.06 - 200
15.06 - 844,973
16.06 - 
17.06 - 31
18.06 - 857
19.06 - 
20.06 - 158,157
21.06 - 300

WITH HELP:
43,849,253,1049,621,494,973,31,857,158

NEED ATTENTION:
3,11,43,849,23,253,1049,621,494,973,31,857,158